0.9074024891516433 _20 _150 _1 _1 _10 _0.005 _0.005 _0.2 _2.0
400 0.0572863
401 0.0575425
402 0.0576617
403 0.0580414
404 0.0580314
405 0.058155
406 0.0588556
407 0.0591432
408 0.059238
409 0.0594296
410 0.059768
411 0.0601007
412 0.0602817
413 0.0605147
414 0.0609867
415 0.061369
416 0.0615146
417 0.0617911
418 0.0623375
419 0.0626004
420 0.0627654
421 0.0632645
422 0.0635471
423 0.0637193
424 0.0638799
425 0.0643049
426 0.0648402
427 0.0652692
428 0.0655297
429 0.0657957
430 0.0660911
431 0.0663415
432 0.0667799
433 0.0670488
434 0.067333
435 0.0676662
436 0.0679586
437 0.0681404
438 0.0685159
439 0.0689071
440 0.0691091
441 0.0694596
442 0.0698551
443 0.0701552
444 0.0706006
445 0.070862
446 0.0710615
447 0.0715426
448 0.0720358
449 0.0724243
450 0.0727383
451 0.0731726
452 0.0735133
453 0.0739289
454 0.0745005
455 0.0746845
456 0.0751313
457 0.075693
458 0.075805
459 0.0762377
460 0.0766674
461 0.0770444
462 0.0773096
463 0.0776461
464 0.0779894
465 0.0782604
466 0.0785487
467 0.0788901
468 0.0791896
469 0.0793537
470 0.0797029
471 0.0800463
472 0.0802926
473 0.0805902
474 0.0808509
475 0.0812254
476 0.0814001
477 0.081642
478 0.0820225
479 0.0823036
480 0.0826864
481 0.082976
482 0.0832421
483 0.0836425
484 0.0840718
485 0.0845244
486 0.0849543
487 0.0853621
488 0.0858547
489 0.0862699
490 0.0868349
491 0.0873581
492 0.0879354
493 0.0885615
494 0.0891936
495 0.0896977
496 0.0904403
497 0.0911437
498 0.0918452
499 0.0925125
500 0.0933452
501 0.0940362
502 0.0949794
503 0.095805
504 0.0966645
505 0.0976665
506 0.0984828
507 0.0994561
508 0.100408
509 0.101282
510 0.102306
511 0.10328
512 0.10423
513 0.10523
514 0.106397
515 0.10735
516 0.108468
517 0.109546
518 0.110602
519 0.111662
520 0.112736
521 0.113721
522 0.114676
523 0.115526
524 0.116436
525 0.117402
526 0.11825
527 0.118972
528 0.119678
529 0.120355
530 0.121006
531 0.121651
532 0.1223
533 0.122986
534 0.123411
535 0.124013
536 0.124438
537 0.125009
538 0.125406
539 0.125853
540 0.126175
541 0.126634
542 0.126946
543 0.127246
544 0.127622
545 0.127935
546 0.128247
547 0.128715
548 0.128978
549 0.129302
550 0.129612
551 0.129928
552 0.130371
553 0.130598
554 0.130948
555 0.131233
556 0.131458
557 0.131846
558 0.13213
559 0.132247
560 0.132393
561 0.132701
562 0.132787
563 0.13294
564 0.133138
565 0.133136
566 0.133209
567 0.133214
568 0.133338
569 0.133254
570 0.133394
571 0.133389
572 0.133337
573 0.133221
574 0.133275
575 0.133301
576 0.133455
577 0.133496
578 0.133419
579 0.133431
580 0.133446
581 0.133472
582 0.133527
583 0.133698
584 0.133672
585 0.133808
586 0.133966
587 0.134127
588 0.134274
589 0.134515
590 0.134555
591 0.134679
592 0.134802
593 0.134975
594 0.13517
595 0.135458
596 0.135483
597 0.135669
598 0.13584
599 0.136143
600 0.136241
601 0.136412
602 0.13658
603 0.13688
604 0.136933
605 0.13706
606 0.137308
607 0.137445
608 0.137392
609 0.137461
610 0.137681
611 0.13767
612 0.137835
613 0.137777
614 0.137997
615 0.137944
616 0.138
617 0.138081
618 0.13821
619 0.138379
620 0.138543
621 0.138688
622 0.138849
623 0.139092
624 0.13934
625 0.139701
626 0.139837
627 0.140125
628 0.14042
629 0.140713
630 0.141137
631 0.141295
632 0.141558
633 0.141785
634 0.142148
635 0.142369
636 0.142411
637 0.142468
638 0.142571
639 0.14263
640 0.142586
641 0.142564
642 0.142536
643 0.142621
644 0.142568
645 0.142382
646 0.142333
647 0.142288
648 0.142235
649 0.142375
650 0.14243
651 0.142388
652 0.142606
653 0.142673
654 0.142607
655 0.142706
656 0.142733
657 0.142702
658 0.142665
659 0.142604
660 0.1425
661 0.142336
662 0.142169
663 0.142025
664 0.141853
665 0.141674
666 0.141588
667 0.141542
668 0.141494
669 0.141482
670 0.141538
671 0.141644
672 0.141777
673 0.141963
674 0.142156
675 0.142401
676 0.142803
677 0.143104
678 0.143333
679 0.14379
680 0.144269
681 0.144984
682 0.145753
683 0.146707
684 0.147793
685 0.149073
686 0.150464
687 0.152027
688 0.153751
689 0.155644
690 0.157674
691 0.159833
692 0.16211
693 0.164483
694 0.166934
695 0.169438
696 0.171996
697 0.174552
698 0.177117
699 0.179662
700 0.182155
701 0.184593
702 0.186998
703 0.18928
704 0.191489
705 0.193626
706 0.195714
707 0.197723
708 0.199665
709 0.201563
710 0.203429
711 0.205244
712 0.207007
713 0.208725
714 0.210434
715 0.212102
716 0.213737
717 0.215344
718 0.21692
719 0.218479
720 0.220007
721 0.22168
722 0.222967
723 0.224377
724 0.225744
725 0.227148
726 0.228454
727 0.229714
728 0.23102
729 0.232231
730 0.233415
731 0.234574
732 0.235683
733 0.236783
734 0.237868
735 0.238922
736 0.239927
737 0.240883
738 0.241821
739 0.242761
740 0.243657
741 0.244486
742 0.245304
743 0.246135
744 0.246893
745 0.247639
746 0.248399
747 0.249135
748 0.249804
749 0.250468
750 0.251364
751 0.252013
752 0.252653
753 0.253101
754 0.253746
755 0.254381
756 0.255024
757 0.255678
758 0.256325
759 0.256978
760 0.257613
761 0.258413
762 0.258857
763 0.259479
764 0.260087
765 0.260707
766 0.261332
767 0.261939
768 0.262738
769 0.263352
770 0.263743
771 0.264536
772 0.264922
773 0.265308
774 0.266062
775 0.266619
776 0.267212
777 0.26775
778 0.268276
779 0.268804
780 0.269127
781 0.26982
782 0.270294
783 0.270973
784 0.271246
785 0.271729
786 0.272216
787 0.272705
788 0.273195
789 0.273886
790 0.273944
791 0.274639
792 0.274868
793 0.275541
794 0.276018
795 0.276699
796 0.277173
797 0.277637
798 0.277872
799 0.278325
800 0.278772
801 0.27922
802 0.27968
803 0.280132
804 0.280576
805 0.280812
806 0.281497
807 0.281922
808 0.282352
809 0.282801
810 0.283267
811 0.283896
812 0.284318
813 0.284536
814 0.284959
815 0.285579
816 0.285781
817 0.286463
818 0.286654
819 0.287065
820 0.287481
821 0.288115
822 0.288522
823 0.288705
824 0.288885
825 0.289512
826 0.289887
827 0.290534
828 0.290731
829 0.291078
830 0.291439
831 0.291608
832 0.292238
833 0.292574
834 0.293167
835 0.293332
836 0.293723
837 0.293827
838 0.294441
839 0.294849
840 0.295248
841 0.29561
842 0.296206
843 0.296107
844 0.296699
845 0.296791
846 0.297404
847 0.298026
848 0.298098
849 0.29894
850 0.298609
851 0.299185
852 0.299779
853 0.299658
854 0.300713
855 0.300592
856 0.30073
857 0.300815
858 0.30137
859 0.301956
860 0.302071
861 0.302154
862 0.30273
863 0.303584
864 0.303183
865 0.303007
866 0.304048
867 0.305115
868 0.304928
869 0.304799
870 0.305181
871 0.305734
872 0.306759
873 0.30703
874 0.306815
875 0.307156
876 0.307259
877 0.307564
878 0.308337
879 0.308176
880 0.309701
881 0.308311
882 0.309119
883 0.309318
884 0.309604
885 0.309689
886 0.310005
887 0.310271
888 0.311042
889 0.311336
890 0.311377
891 0.312082
892 0.311642
893 0.312455
894 0.312701
895 0.312763
896 0.313021
897 0.313266
898 0.313796
899 0.314056
900 0.314281
901 0.315027
902 0.314607
903 0.315151
904 0.315369
905 0.315601
906 0.315938
907 0.316126
908 0.316379
909 0.316696
910 0.316959
911 0.317223
912 0.317753
913 0.317761
914 0.317972
915 0.318278
916 0.318587
917 0.318834
918 0.319023
919 0.319528
920 0.319643
921 0.31999
922 0.319826
923 0.320036
924 0.320596
925 0.320891
926 0.321076
927 0.321316
928 0.32131
929 0.321811
930 0.322098
931 0.322399
932 0.322707
933 0.323003
934 0.32323
935 0.323432
936 0.323625
937 0.323845
938 0.324065
939 0.324361
940 0.324647
941 0.324845
942 0.325001
943 0.325579
944 0.325586
945 0.325493
946 0.325968
947 0.326188
948 0.326406
949 0.326355
950 0.326612
951 0.326881
952 0.327114
953 0.327238
954 0.32753
955 0.327695
956 0.327883
957 0.328086
958 0.328421
959 0.328267
960 0.328503
961 0.329094
962 0.329238
963 0.32953
964 0.329899
965 0.330249
966 0.330486
967 0.330643
968 0.330642
969 0.330952
970 0.331419
971 0.331854
972 0.332212
973 0.332217
974 0.332554
975 0.333203
976 0.333213
977 0.333422
978 0.333667
979 0.333969
980 0.334374
981 0.334764
982 0.335028
983 0.335196
984 0.336014
985 0.336081
986 0.335967
987 0.336499
988 0.337102
989 0.337703
990 0.337518
991 0.337899
992 0.338341
993 0.338599
994 0.339065
995 0.339149
996 0.339441
997 0.339619
998 0.339815
999 0.340514
1000 0.340781
1001 0.339827
1002 0.340155
1003 0.340488
1004 0.340834
1005 0.340882
1006 0.341218
1007 0.341503
1008 0.341786
1009 0.342086
1010 0.342396
1011 0.342691
1012 0.342964
1013 0.343281
1014 0.343649
1015 0.343974
1016 0.344593
1017 0.344912
1018 0.344923
1019 0.345178
1020 0.345461
1021 0.345789
1022 0.346065
1023 0.346333
1024 0.346633
1025 0.346943
1026 0.347225
1027 0.347539
1028 0.34783
1029 0.348071
1030 0.348336
1031 0.348609
1032 0.348853
1033 0.349071
1034 0.349651
1035 0.349677
1036 0.34994
1037 0.3502
1038 0.350486
1039 0.350765
1040 0.35101
1041 0.351252
1042 0.351512
1043 0.352021
1044 0.35217
1045 0.352115
1046 0.352398
1047 0.352938
1048 0.353241
1049 0.353495
1050 0.353684
1051 0.353906
1052 0.35412
1053 0.354044
1054 0.354256
1055 0.354473
1056 0.354698
1057 0.355213
1058 0.355441
1059 0.355689
1060 0.355941
1061 0.356144
1062 0.356372
1063 0.356296
1064 0.356497
1065 0.356717
1066 0.356935
1067 0.357155
1068 0.357345
1069 0.357506
1070 0.358003
1071 0.3582
1072 0.3584
1073 0.35832
1074 0.358573
1075 0.359075
1076 0.358962
1077 0.359174
1078 0.359366
1079 0.359863
1080 0.360098
1081 0.36029
1082 0.360164
1083 0.360355
1084 0.360527
1085 0.3607
1086 0.360905
1087 0.361111
1088 0.361281
1089 0.361429
1090 0.3616
1091 0.361773
1092 0.361962
1093 0.362471
1094 0.362403
1095 0.362893
1096 0.363029
1097 0.36317
1098 0.363295
1099 0.363452
1100 0.36334
1101 0.363505
1102 0.363677
1103 0.363849
1104 0.364029
1105 0.364198
1106 0.364353
1107 0.364477
1108 0.36463
1109 0.364794
1110 0.364986
1111 0.365189
1112 0.365346
1113 0.365497
1114 0.365656
1115 0.36613
1116 0.366035
1117 0.366218
1118 0.366686
1119 0.366574
1120 0.367044
1121 0.366895
1122 0.367031
1123 0.367175
1124 0.367338
1125 0.367803
1126 0.36763
1127 0.368027
1128 0.368105
1129 0.367906
1130 0.368027
1131 0.368104
1132 0.368136
1133 0.368152
1134 0.368454
1135 0.368437
1136 0.368142
1137 0.368158
1138 0.368438
1139 0.368036
1140 0.368189
1141 0.367742
1142 0.36768
1143 0.367677
1144 0.367594
1145 0.36739
1146 0.367175
1147 0.367076
1148 0.367087
1149 0.367107
1150 0.36709
1151 0.367376
1152 0.367035
1153 0.367328
1154 0.367041
1155 0.367107
1156 0.367211
1157 0.367345
1158 0.36745
1159 0.367594
1160 0.367766
1161 0.367928
1162 0.368087
1163 0.368272
1164 0.368449
1165 0.36895
1166 0.368822
1167 0.369001
1168 0.369195
1169 0.369393
1170 0.369593
1171 0.369762
1172 0.369903
1173 0.370051
1174 0.370243
1175 0.37046
1176 0.370698
1177 0.370906
1178 0.370789
1179 0.371008
1180 0.371207
1181 0.371397
1182 0.371899
1183 0.37208
1184 0.372291
1185 0.372178
1186 0.37238
1187 0.372584
1188 0.372764
1189 0.37295
1190 0.373151
1191 0.373331
1192 0.373513
1193 0.374004
1194 0.373848
1195 0.374026
1196 0.374222
1197 0.37442
1198 0.374635
1199 0.374878
1200 0.375119
1201 0.375692
1202 0.375571
1203 0.375735
1204 0.376213
1205 0.376406
1206 0.376312
1207 0.376534
1208 0.376706
1209 0.37688
1210 0.377392
1211 0.377586
1212 0.377483
1213 0.378064
1214 0.377918
1215 0.378046
1216 0.378234
1217 0.378447
1218 0.378666
1219 0.378883
1220 0.379062
1221 0.379206
1222 0.379337
1223 0.379521
1224 0.379744
1225 0.379964
1226 0.380158
1227 0.380287
1228 0.380405
1229 0.380565
1230 0.380721
1231 0.380898
1232 0.381095
1233 0.381598
1234 0.381443
1235 0.381627
1236 0.381793
1237 0.381965
1238 0.382134
1239 0.38228
1240 0.382444
1241 0.382604
1242 0.382762
1243 0.382951
1244 0.383095
1245 0.38325
1246 0.383384
1247 0.383529
1248 0.383683
1249 0.383877
1250 0.384041
1251 0.384224
1252 0.384377
1253 0.384852
1254 0.38465
1255 0.384761
1256 0.38487
1257 0.385313
1258 0.385449
1259 0.385268
1260 0.385443
1261 0.385646
1262 0.385819
1263 0.385963
1264 0.386108
1265 0.386194
1266 0.386651
1267 0.386488
1268 0.386619
1269 0.38676
1270 0.38689
1271 0.387026
1272 0.387158
1273 0.38725
1274 0.387353
1275 0.387453
1276 0.387183
1277 0.387285
1278 0.387444
1279 0.387539
1280 0.387586
1281 0.387634
1282 0.387653
1283 0.38769
1284 0.388092
1285 0.388172
1286 0.387935
1287 0.388065
1288 0.388182
1289 0.388272
1290 0.388352
1291 0.388416
1292 0.38847
1293 0.388512
1294 0.388544
1295 0.388903
1296 0.388922
1297 0.388597
1298 0.388636
1299 0.388703
1300 0.388835
1301 0.38883
1302 0.388928
1303 0.388974
1304 0.389009
1305 0.389065
1306 0.389009
1307 0.389059
1308 0.389068
1309 0.389096
1310 0.389127
1311 0.389159
1312 0.389176
1313 0.389118
1314 0.389432
1315 0.389036
1316 0.38901
1317 0.388963
1318 0.388887
1319 0.38881
1320 0.388625
1321 0.388552
1322 0.388428
1323 0.388298
1324 0.3882
1325 0.388229
1326 0.387782
1327 0.387541
1328 0.387327
1329 0.387125
1330 0.387066
1331 0.387003
1332 0.386893
1333 0.386733
1334 0.386443
1335 0.386156
1336 0.385931
1337 0.385678
1338 0.385473
1339 0.385343
1340 0.385272
1341 0.38513
1342 0.384886
1343 0.384684
1344 0.384397
1345 0.384036
1346 0.383643
1347 0.383323
1348 0.383006
1349 0.382791
1350 0.382468
1351 0.382253
1352 0.381952
1353 0.381716
1354 0.38145
1355 0.38126
1356 0.380973
1357 0.38076
1358 0.380505
1359 0.380491
1360 0.380555
1361 0.380473
1362 0.380219
1363 0.379905
1364 0.379689
1365 0.379483
1366 0.379139
1367 0.378974
1368 0.37862
1369 0.378173
1370 0.377648
1371 0.376922
1372 0.375784
1373 0.375422
1374 0.374199
1375 0.37311
1376 0.372173
1377 0.371079
1378 0.370312
1379 0.36916
1380 0.367966
1381 0.366583
1382 0.365125
1383 0.363443
1384 0.362375
1385 0.360473
1386 0.358238
1387 0.356694
1388 0.354364
1389 0.353092
1390 0.351014
1391 0.349124
1392 0.347162
1393 0.345301
1394 0.343226
1395 0.341686
1396 0.33988
1397 0.337892
1398 0.335786
1399 0.334331
1400 0.332632
1401 0.33097
1402 0.329219
1403 0.327396
1404 0.325946
1405 0.324645
1406 0.323212
1407 0.321832
1408 0.320564
1409 0.319247
1410 0.318127
1411 0.317451
1412 0.316607
1413 0.315918
1414 0.315067
1415 0.314934
1416 0.314611
1417 0.314166
1418 0.314016
1419 0.314031
1420 0.314022
1421 0.314059
1422 0.314355
1423 0.314339
1424 0.314349
1425 0.314577
1426 0.314293
1427 0.314612
1428 0.31466
1429 0.314406
1430 0.314416
1431 0.314477
1432 0.314493
1433 0.314884
1434 0.314913
1435 0.314675
1436 0.315056
1437 0.315118
1438 0.31518
1439 0.315264
1440 0.315341
1441 0.315416
1442 0.315508
1443 0.31564
1444 0.315774
1445 0.315925
1446 0.316067
1447 0.316212
1448 0.316383
1449 0.316549
1450 0.31643
1451 0.316892
1452 0.317011
1453 0.316853
1454 0.317005
1455 0.317165
1456 0.317342
1457 0.317836
1458 0.318073
1459 0.318281
1460 0.318504
1461 0.318789
1462 0.318747
1463 0.319015
1464 0.31932
1465 0.319643
1466 0.319983
1467 0.320411
1468 0.320823
1469 0.321533
1470 0.32169
1471 0.322397
1472 0.322792
1473 0.323019
1474 0.323744
1475 0.323995
1476 0.324484
1477 0.3253
1478 0.325812
1479 0.325964
1480 0.326851
1481 0.326991
1482 0.327808
1483 0.328313
1484 0.328557
1485 0.329325
1486 0.32947
1487 0.330033
1488 0.330835
1489 0.33142
1490 0.331571
1491 0.332471
1492 0.332661
1493 0.333538
1494 0.334043
1495 0.334334
1496 0.33489
1497 0.335799
1498 0.336049
1499 0.336872
1500 0.337155
1501 0.337919
1502 0.338187
1503 0.339058
1504 0.339667
1505 0.340281
1506 0.340782
1507 0.341077
1508 0.341553
1509 0.34217
1510 0.3431
1511 0.343313
1512 0.343904
1513 0.344333
1514 0.344899
1515 0.34547
1516 0.345951
1517 0.346546
1518 0.347116
1519 0.347948
1520 0.348492
1521 0.349065
1522 0.349192
1523 0.349734
1524 0.350302
1525 0.350759
1526 0.351301
1527 0.352166
1528 0.3523
1529 0.352776
1530 0.353275
1531 0.354154
1532 0.354553
1533 0.354716
1534 0.35523
1535 0.356055
1536 0.356489
1537 0.356996
1538 0.357388
1539 0.357884
1540 0.358282
1541 0.358677
1542 0.35916
1543 0.359621
1544 0.36015
1545 0.360538
1546 0.360895
1547 0.361376
1548 0.361821
1549 0.361908
1550 0.362656
1551 0.363017
1552 0.363002
1553 0.363761
1554 0.364114
1555 0.364549
1556 0.364695
1557 0.365082
1558 0.365701
1559 0.365708
1560 0.36634
1561 0.366664
1562 0.367008
1563 0.367357
1564 0.367296
1565 0.367991
1566 0.368294
1567 0.368656
1568 0.368968
1569 0.368937
1570 0.369198
1571 0.369499
1572 0.369823
1573 0.370155
1574 0.370521
1575 0.371131
1576 0.371497
1577 0.371747
1578 0.372055
1579 0.372355
1580 0.372588
1581 0.37258
1582 0.3729
1583 0.373242
1584 0.373539
1585 0.37386
1586 0.374131
1587 0.374406
1588 0.374642
1589 0.375316
1590 0.375626
1591 0.375979
1592 0.375962
1593 0.376347
1594 0.377012
1595 0.377334
1596 0.377549
1597 0.377841
1598 0.37772
1599 0.378371
1600 0.378646
1601 0.378908
1602 0.379165
1603 0.37918
1604 0.379416
1605 0.379712
1606 0.380293
1607 0.380534
1608 0.380714
1609 0.380601
1610 0.380767
1611 0.381008
1612 0.38123
1613 0.381494
1614 0.382052
1615 0.381941
1616 0.382131
1617 0.38269
1618 0.382888
1619 0.383167
1620 0.383344
1621 0.383589
1622 0.383857
1623 0.383763
1624 0.384034
1625 0.384247
1626 0.384366
1627 0.384583
1628 0.38434
1629 0.38454
1630 0.384735
1631 0.384897
1632 0.384947
1633 0.385152
1634 0.385315
1635 0.385527
1636 0.38566
1637 0.386223
1638 0.385969
1639 0.386141
1640 0.38655
1641 0.386426
1642 0.386563
1643 0.386766
1644 0.38691
1645 0.387067
1646 0.387178
1647 0.387321
1648 0.387359
1649 0.387539
1650 0.387931
1651 0.387642
1652 0.387664
1653 0.388161
1654 0.38806
1655 0.388139
1656 0.38775
1657 0.38784
1658 0.38777
1659 0.387754
1660 0.387389
1661 0.38736
1662 0.387611
1663 0.387571
1664 0.387441
1665 0.387394
1666 0.387226
1667 0.387173
1668 0.387101
1669 0.387049
1670 0.38714
1671 0.387605
1672 0.387438
1673 0.387423
1674 0.38739
1675 0.387319
1676 0.38681
1677 0.386776
1678 0.386627
1679 0.386549
1680 0.386438
1681 0.386752
1682 0.386604
1683 0.386154
1684 0.386077
1685 0.38599
1686 0.385873
1687 0.385757
1688 0.385595
1689 0.385516
1690 0.385383
1691 0.385349
1692 0.38528
1693 0.385188
1694 0.385008
1695 0.384886
1696 0.384756
1697 0.384686
1698 0.384512
1699 0.384288
1700 0.383776
1701 0.383587
1702 0.383384
1703 0.383683
1704 0.38359
1705 0.383173
1706 0.383411
1707 0.383323
1708 0.383112
1709 0.383021
1710 0.382881
1711 0.382727
1712 0.382608
1713 0.382531
1714 0.382023
1715 0.381964
1716 0.382135
1717 0.381625
1718 0.381474
1719 0.38168
1720 0.381529
1721 0.381498
1722 0.381328
1723 0.381182
1724 0.381053
1725 0.380505
1726 0.380715
1727 0.380702
1728 0.380631
1729 0.38023
1730 0.380522
1731 0.380243
1732 0.380586
1733 0.380605
1734 0.380554
1735 0.380495
1736 0.380184
1737 0.380157
1738 0.380082
1739 0.380392
1740 0.380334
1741 0.380278
1742 0.380225
1743 0.380168
1744 0.379992
1745 0.379823
1746 0.379704
1747 0.379749
1748 0.379679
1749 0.379546
1750 0.379413
1751 0.379155
1752 0.379225
1753 0.378748
1754 0.378624
1755 0.378476
1756 0.378313
1757 0.378152
1758 0.37803
1759 0.377894
1760 0.377729
1761 0.377583
1762 0.377135
1763 0.37711
1764 0.37737
1765 0.377357
1766 0.377415
1767 0.377373
1768 0.377271
1769 0.37723
1770 0.377147
1771 0.377245
1772 0.377392
1773 0.377346
1774 0.377422
1775 0.37741
1776 0.377351
1777 0.377458
1778 0.377467
1779 0.377437
1780 0.377468
1781 0.377462
1782 0.377476
1783 0.377489
1784 0.37754
1785 0.377471
1786 0.377093
1787 0.377328
1788 0.377356
1789 0.377423
1790 0.377486
1791 0.377612
1792 0.377629
1793 0.377693
1794 0.377725
1795 0.377795
1796 0.37747
1797 0.377924
1798 0.37809
1799 0.378164
1800 0.37823
1801 0.378217
1802 0.378299
1803 0.378028
1804 0.378096
1805 0.378514
1806 0.378649
1807 0.378442
1808 0.378464
1809 0.378195
1810 0.378338
1811 0.378742
1812 0.378439
1813 0.378528
1814 0.379009
1815 0.379131
1816 0.378778
1817 0.37883
1818 0.379213
1819 0.37884
1820 0.378573
1821 0.378645
1822 0.378693
1823 0.379215
1824 0.378897
1825 0.379426
1826 0.379465
1827 0.379424
1828 0.379278
1829 0.378261
1830 0.378625
1831 0.379332
1832 0.378631
1833 0.378581
1834 0.378341
1835 0.378542
1836 0.377775
1837 0.37807
1838 0.37799
1839 0.378472
1840 0.378041
1841 0.377402
1842 0.377601
1843 0.377388
1844 0.376839
1845 0.376621
1846 0.376415
1847 0.376557
1848 0.375791
1849 0.375027
1850 0.374601
1851 0.374252
1852 0.373887
1853 0.37299
1854 0.372784
1855 0.37256
1856 0.371209
1857 0.37078
1858 0.369538
1859 0.368717
1860 0.367704
1861 0.366747
1862 0.365531
1863 0.363998
1864 0.362698
1865 0.361785
1866 0.360276
1867 0.358523
1868 0.357211
1869 0.355841
1870 0.353156
1871 0.35138
1872 0.349974
1873 0.348009
1874 0.345812
1875 0.343637
1876 0.341574
1877 0.338528
1878 0.336208
1879 0.333618
1880 0.331216
1881 0.328556
1882 0.326164
1883 0.322751
1884 0.320076
1885 0.317534
1886 0.314929
1887 0.31216
1888 0.308927
1889 0.305785
1890 0.303128
1891 0.300812
1892 0.298093
1893 0.295172
1894 0.292454
1895 0.290047
1896 0.287914
1897 0.285312
1898 0.282803
1899 0.280553
1900 0.278332
1901 0.275871
1902 0.273979
1903 0.272347
1904 0.270625
1905 0.269023
1906 0.267452
1907 0.266186
1908 0.264999
1909 0.26368
1910 0.262432
1911 0.261631
1912 0.260388
1913 0.260406
1914 0.260339
1915 0.259786
1916 0.259614
1917 0.259169
1918 0.259201
1919 0.259373
1920 0.259096
1921 0.258826
1922 0.259188
1923 0.258788
1924 0.258878
1925 0.259318
1926 0.260294
1927 0.260311
1928 0.260265
1929 0.260494
1930 0.26074
1931 0.261024
1932 0.261176
1933 0.261177
1934 0.261845
1935 0.261891
1936 0.26251
1937 0.262603
1938 0.262895
1939 0.2635
1940 0.263903
1941 0.264261
1942 0.264578
1943 0.265018
1944 0.26547
1945 0.265896
1946 0.266658
1947 0.26686
1948 0.267261
1949 0.267771
1950 0.268201
1951 0.268736
1952 0.269177
1953 0.269346
1954 0.270079
1955 0.270463
1956 0.270612
1957 0.271446
1958 0.271895
1959 0.272167
1960 0.272748
1961 0.273237
1962 0.273785
1963 0.274249
1964 0.274557
1965 0.275051
1966 0.275791
1967 0.276357
1968 0.276909
1969 0.277183
1970 0.277744
1971 0.278415
1972 0.278935
1973 0.279479
1974 0.280078
1975 0.280617
1976 0.280958
1977 0.281244
1978 0.281901
1979 0.282769
1980 0.283072
1981 0.283619
1982 0.284525
1983 0.285212
1984 0.285539
1985 0.286242
1986 0.287058
1987 0.287731
1988 0.288342
1989 0.288746
1990 0.289356
1991 0.289993
1992 0.290245
1993 0.291168
1994 0.291733
1995 0.292129
1996 0.292764
1997 0.29352
1998 0.294127
1999 0.294788
2000 0.295591
2001 0.296086
2002 0.296383
2003 0.296666
2004 0.297176
2005 0.297551
2006 0.297763
2007 0.298785
2008 0.299111
2009 0.2997
2010 0.300244
2011 0.300823
2012 0.300931
2013 0.301576
2014 0.301807
2015 0.302697
2016 0.30313
2017 0.303397
2018 0.303536
2019 0.303792
2020 0.304493
2021 0.305029
2022 0.305564
2023 0.305538
2024 0.306382
2025 0.306882
2026 0.306954
2027 0.307284
2028 0.307467
2029 0.307551
2030 0.307895
2031 0.308413
2032 0.309064
2033 0.309363
2034 0.309617
2035 0.30973
2036 0.309535
2037 0.310192
2038 0.311029
2039 0.311296
2040 0.311551
2041 0.311571
2042 0.312149
2043 0.312222
2044 0.312517
2045 0.312542
2046 0.31286
2047 0.313018
2048 0.312939
2049 0.312832
2050 0.313154
2051 0.312854
2052 0.312717
2053 0.313058
2054 0.313422
2055 0.313636
2056 0.314089
2057 0.314678
2058 0.314955
2059 0.315201
2060 0.315385
2061 0.315587
2062 0.315832
2063 0.31607
2064 0.316684
2065 0.317061
2066 0.316666
2067 0.316968
2068 0.316705
2069 0.317366
2070 0.317981
2071 0.31834
2072 0.317935
2073 0.318443
2074 0.31849
2075 0.318461
2076 0.318771
2077 0.31909
2078 0.319703
2079 0.32029
2080 0.320507
2081 0.321128
2082 0.321184
2083 0.321435
2084 0.321007
2085 0.32122
2086 0.321095
2087 0.321422
2088 0.322009
2089 0.322066
2090 0.322744
2091 0.322643
2092 0.323227
2093 0.323202
2094 0.323699
2095 0.323877
2096 0.32273
2097 0.323528
2098 0.323674
2099 0.32388
2100 0.322636
2101 0.323327
2102 0.324238
2103 0.326196
2104 0.327702
2105 0.327252
2106 0.326079
2107 0.325913
2108 0.32575
2109 0.326005
2110 0.325947
2111 0.326295
2112 0.326976
2113 0.326706
2114 0.327261
2115 0.32783
2116 0.32774
2117 0.32856
2118 0.328078
2119 0.326945
2120 0.328158
2121 0.327976
2122 0.329051
2123 0.329035
2124 0.329287
2125 0.329712
2126 0.329528
2127 0.329199
2128 0.328988
2129 0.329255
2130 0.329542
2131 0.329107
2132 0.329577
2133 0.330027
2134 0.330588
2135 0.330111
2136 0.330675
2137 0.330202
2138 0.329528
2139 0.329909
2140 0.330264
2141 0.329619
2142 0.329663
2143 0.329625
2144 0.329834
2145 0.33032
2146 0.328717
2147 0.329014
2148 0.329008
2149 0.32864
2150 0.328989
2151 0.328048
2152 0.327373
2153 0.327453
2154 0.328875
2155 0.327996
2156 0.327834
2157 0.326853
2158 0.326768
2159 0.326419
2160 0.326637
2161 0.326452
2162 0.325496
2163 0.325535
2164 0.326018
2165 0.325831
2166 0.325181
2167 0.325444
2168 0.325289
2169 0.323705
2170 0.32387
2171 0.323663
2172 0.324408
2173 0.32257
2174 0.323328
2175 0.323205
2176 0.322977
2177 0.32202
2178 0.322334
2179 0.322391
2180 0.323134
2181 0.321104
2182 0.321663
2183 0.321811
2184 0.321741
2185 0.321261
2186 0.320615
2187 0.320196
2188 0.319697
2189 0.319547
2190 0.319335
2191 0.318277
2192 0.317802
2193 0.317677
2194 0.31677
2195 0.316426
2196 0.316173
2197 0.315972
2198 0.315819
2199 0.315594
2200 0.314552
2201 0.314096
2202 0.313909
2203 0.313584
2204 0.31287
2205 0.313274
2206 0.313528
2207 0.31253
2208 0.312709
2209 0.313324
2210 0.314694
2211 0.31428
2212 0.314518
2213 0.316455
2214 0.316068
2215 0.316853
2216 0.31778
2217 0.318642
2218 0.319612
2219 0.319438
2220 0.320209
2221 0.320351
2222 0.321018
2223 0.321015
2224 0.321752
2225 0.321896
2226 0.321729
2227 0.322012
2228 0.321844
2229 0.321879
2230 0.321472
2231 0.321106
2232 0.322362
2233 0.322006
2234 0.321855
2235 0.321251
2236 0.3208
2237 0.321209
2238 0.321333
2239 0.321121
2240 0.320596
2241 0.320334
2242 0.320081
2243 0.319456
2244 0.317894
2245 0.31766
2246 0.316685
2247 0.316179
2248 0.317505
2249 0.317135
2250 0.316203
2251 0.316161
2252 0.316452
2253 0.3157
2254 0.315623
2255 0.315077
2256 0.314733
2257 0.31445
2258 0.314126
2259 0.315198
2260 0.314862
2261 0.313988
2262 0.31414
2263 0.31411
2264 0.312932
2265 0.313033
2266 0.31258
2267 0.312507
2268 0.313578
2269 0.31255
2270 0.31185
2271 0.311362
2272 0.311053
2273 0.311098
2274 0.311139
2275 0.310685
2276 0.30945
2277 0.308826
2278 0.309097
2279 0.308459
2280 0.30809
2281 0.307959
2282 0.30772
2283 0.307795
2284 0.307601
2285 0.307687
2286 0.306514
2287 0.305963
2288 0.306003
2289 0.305371
2290 0.304851
2291 0.304413
2292 0.303977
2293 0.303416
2294 0.303964
2295 0.303864
2296 0.30283
2297 0.302991
2298 0.302696
2299 0.302796
2300 0.301595
2301 0.300973
2302 0.300758
2303 0.300612
2304 0.300482
2305 0.300469
2306 0.299675
2307 0.298506
2308 0.298291
2309 0.298615
2310 0.298854
2311 0.298699
2312 0.297619
2313 0.297749
2314 0.297394
2315 0.296042
2316 0.295914
2317 0.297073
2318 0.296786
2319 0.296721
2320 0.296656
2321 0.296191
2322 0.295979
2323 0.295001
2324 0.294998
2325 0.295548
2326 0.295202
2327 0.295632
2328 0.29477
2329 0.293794
2330 0.293177
2331 0.29276
2332 0.293674
2333 0.293218
2334 0.293442
2335 0.293212
2336 0.292725
2337 0.292452
2338 0.291781
2339 0.290729
2340 0.29098
2341 0.291379
2342 0.290559
2343 0.289907
2344 0.28912
2345 0.290204
2346 0.28944
2347 0.288429
2348 0.288048
2349 0.287778
2350 0.287888
2351 0.287388
2352 0.287408
2353 0.286757
2354 0.287258
2355 0.287264
2356 0.286241
2357 0.285922
2358 0.284992
2359 0.284803
2360 0.285141
2361 0.285165
2362 0.284908
2363 0.284177
2364 0.285539
2365 0.285999
2366 0.28525
2367 0.284577
2368 0.284103
2369 0.284024
2370 0.28373
2371 0.28415
2372 0.282163
2373 0.282175
2374 0.283035
2375 0.282543
2376 0.283194
2377 0.282606
2378 0.281265
2379 0.281127
2380 0.281497
2381 0.280245
2382 0.279227
2383 0.279463
2384 0.279887
2385 0.279952
2386 0.278195
2387 0.278172
2388 0.277893
2389 0.27896
2390 0.278818
2391 0.276216
2392 0.276142
2393 0.275775
2394 0.276366
2395 0.276467
2396 0.275459
2397 0.276177
2398 0.276088
2399 0.275292
2400 0.27555
2401 0.275457
2402 0.274374
2403 0.275648
2404 0.275073
2405 0.274108
2406 0.274229
2407 0.273933
2408 0.275045
2409 0.274537
2410 0.273885
2411 0.27199
2412 0.270642
2413 0.271352
2414 0.273021
2415 0.269342
2416 0.268951
2417 0.272067
2418 0.269402
2419 0.26809
2420 0.271044
2421 0.269098
2422 0.268394
2423 0.2662
2424 0.265889
2425 0.26516
2426 0.265366
2427 0.266595
2428 0.264776
2429 0.262639
2430 0.263148
2431 0.263063
2432 0.263871
2433 0.262609
2434 0.260189
2435 0.259927
2436 0.260446
2437 0.259541
2438 0.260244
2439 0.260527
2440 0.259478
2441 0.259053
2442 0.258574
2443 0.256618
2444 0.256423
2445 0.255799
2446 0.254328
2447 0.253832
2448 0.253794
2449 0.252553
2450 0.253395
2451 0.252778
2452 0.253764
2453 0.252658
2454 0.252206
2455 0.250455
2456 0.250573
2457 0.248295
2458 0.248941
2459 0.249571
2460 0.249947
2461 0.250963
2462 0.249662
2463 0.248664
2464 0.246988
2465 0.247761
2466 0.246927
2467 0.247089
2468 0.248626
2469 0.248796
2470 0.244657
2471 0.243652
2472 0.241579
2473 0.241892
2474 0.243037
2475 0.242488
2476 0.245806
2477 0.244875
2478 0.243964
2479 0.243601
2480 0.24248
2481 0.24042
2482 0.241394
2483 0.239379
2484 0.240532
2485 0.241279
2486 0.242949
2487 0.242696
2488 0.23921
2489 0.239003
2490 0.239797
2491 0.239583
2492 0.237785
2493 0.237886
2494 0.231992
2495 0.232246
2496 0.232559
2497 0.234866
2498 0.234155
2499 0.235823
2500 0.234335
